Zamárdi: 8.25242718446602%
Balatonkenese: 15.048543689320388%
Balatonfenyves: 14.077669902912621%
Csopak: 12.62135922330097%
Gyenesdiás: 13.106796116504855%
Zánka: 13.106796116504855%
Badacsonytomaj: 10.194174757281553%
Balatonszemes: 13.592233009708737%
